Word,POS,Random #,n-all,mean-a,std.dev-a,n-m,mean-m,std.dev-m,n-f,mean--f,std.dev-f,valence,arousal,dom
abrasive,adj,459,26,5.153846,1.084152,16,5.1875,0.9105859,10,5.1,1.37032,,,
absolve,,492,21,4.52381,1.249762,13,4.692308,1.493576,8,4.25,0.7071068,,,
absurd,adj,298,26,4.192308,0.8494342,14,4.357143,0.7449463,12,4,0.9534626,4.26,4.36,4.73
abundant,adj,515,24,4.083333,1.248187,10,4.5,1.080123,14,3.785714,1.311404,6.59,5.51,5.8
abuse,v,597,32,5.03125,1.204411,14,5.142857,1.231456,18,4.944444,1.21133,1.8,6.83,3.69
acceptance,n,153,30,3.3,0.9878573,17,3.352941,0.9314757,13,3.230769,1.091928,7.98,5.4,6.64
accord,n,553,20,4.2,1.281447,12,4.416667,1.1645,8,3.875,1.457738,,,
ache,,435,44,4.340909,1.160256,25,4.32,1.375984,19,4.368421,0.8306976,2.46,5,3.54
acheivement,,37,22,4.363636,1.328997,11,4.363636,1.629278,11,4.363636,1.026911,7.89,5.53,6.56
active,,552,25,4.92,1.320353,15,5.2,1.612452,10,4.5,0.5270463,,,
admiring,adj,2,15,3.333333,1.397276,9,3.111111,1.615893,6,3.666667,1.032796,7.74,6.11,7.53
adorable,,667,25,2.2,1.040833,9,2.222222,1.092906,16,2.1875,1.046821,7.81,5.12,5.74
adulterous,adj,413,19,4.526316,1.611363,10,4.4,1.712698,9,4.666667,1.581139,,,
adversity,n,263,24,4.791667,1.102533,16,5.1875,1.108678,8,4,0.5345225,,,
affectionate,adj,618,27,3.296296,1.636479,13,3.923077,1.800997,14,2.714286,1.266647,8.39,6.21,6.08
afflict,,385,19,4.263158,1.367971,7,3.714286,1.496026,12,4.583333,1.240112,,,
affluent,adj,683,26,4.269231,1.079173,13,4.307692,1.315587,13,4.230769,0.8320503,,,
afraid,adj,403,21,3.809524,1.435933,13,3.769231,1.640825,8,3.875,1.125992,2,6.67,3.98
aged,,446,20,4.35,1.308877,4,5.5,1.290994,16,4.0625,1.181454,,,
agency,,117,20,4.1,1.209611,9,4.777778,1.20185,11,3.545455,0.9341987,,,
aggressive,adj,49,20,5,1.863782,9,4.333333,1.936492,11,5.545455,1.694912,5.1,5.83,5.59
agitated,adj,517,24,4.958333,1.160179,10,5.4,1.349897,14,4.642857,0.9287827,,,
agony,n,33,22,4.590909,1.007547,11,4.909091,1.136182,11,4.272727,0.7862454,2.43,6.06,4.02
agreement,n,160,30,3.766667,1.072648,17,3.647059,1.169464,13,3.923077,0.9540736,7.08,5.02,6.22
airhead,n,217,25,4.2,1.755942,14,3.857143,1.703261,11,4.636364,1.804036,,,
alluring,adj,600,31,2.677419,1.535949,13,3.307692,1.93152,18,2.222222,1.003263,,,
aloof,adj,317,25,4.24,1.2,12,4.083333,1.083625,13,4.384615,1.325296,4.9,4.28,4.69
amazing,adj,128,26,3.576923,1.137474,19,3.526316,1.218762,7,3.714286,0.9511897,,,
ambition,n,138,28,4.5,1.071517,16,4.6875,1.138347,12,4.25,0.9653073,7.04,5.61,6.93
ambitious,adj,691,26,4.461538,1.33359,13,4.692308,1.548366,13,4.230769,1.091928,,,
ample,adj,669,25,2.92,1.077033,9,3,1.414214,16,2.875,0.8850612,,,
analytical,,558,20,4.85,1.225819,12,4.666667,1.302678,8,5.125,1.125992,,,
ancient,,227,20,4.1,1.071153,12,4.25,0.9653073,8,3.875,1.246423,,,
anguish,n,205,27,4.111111,0.9740215,12,4.333333,1.230915,15,3.933333,0.7037316,2.12,5.33,3.45
annihilation,,155,30,4.9,1.422722,17,4.823529,1.550617,13,5,1.290994,,,
annoy,v,163,23,4.434783,1.160959,13,4.384615,1.38675,10,4.5,0.8498366,2.74,6.49,5.09
annoying,adj,323,17,4.176471,1.185079,5,4,1.224745,12,4.25,1.215431,,,
antagonize,v,179,16,5,1.460593,10,4.9,1.197219,6,5.166667,1.94079,,,
anticipate,v,585,19,4.368421,1.211543,13,4.384615,1.192928,6,4.333333,1.36626,,,
anticipation,n,283,22,3.818182,1.052723,12,3.916667,1.240112,10,3.7,0.8232726,,,
antiquity,,580,21,4.047619,1.283596,9,3.666667,1.414214,12,4.333333,1.154701,,,
anxiety,n,655,20,3.8,1.43637,8,4.5,1.690309,12,3.333333,1.073087,,,
anxious,adj,69,26,3.769231,1.106623,13,3.923077,1.115164,13,3.615385,1.120897,4.81,6.92,5.33
appreciate,v,271,24,3.541667,1.503016,16,3.75,1.48324,8,3.125,1.552648,,,
apprehensive,,513,24,4.041667,1.573674,10,4.3,1.766981,14,3.857143,1.460092,,,
arm,,309,25,4.64,1.439907,11,4.818182,1.47093,14,4.5,1.454436,5.34,3.59,5.07
arrogant,,453,26,5.192308,1.470217,16,5.25,1.48324,10,5.1,1.523884,3.69,5.65,5.14
aspiration,n,84,33,3.939394,1.412874,14,3.785714,1.528125,19,4.052632,1.352926,,,
assault,,71,35,5.4,1.264911,16,5.6875,1.078193,19,5.157895,1.384965,2.03,7.51,3.94
assertive,adj,676,23,4.782609,1.277658,12,4.666667,1.370689,11,4.909091,1.221028,,,
athlete,,302,26,5.230769,1.704293,14,5.571429,1.34246,12,4.833333,2.037527,,,
athletic,adj,493,32,5.09375,1.352641,21,5.047619,1.532194,11,5.181818,0.9816498,6.61,6.1,6.12
attainment,,601,32,4.5,1.107161,14,4.857143,1.460092,18,4.222222,0.6467617,,,
attractive,,164,23,2.826087,1.266785,13,3,1.47196,10,2.6,0.9660918,,,
audacious,adj,424,27,4.333333,1.270978,15,4.4,1.352247,12,4.25,1.215431,,,
authority,,318,25,5.32,1.069268,12,5.166667,0.9374369,13,5.461538,1.198289,,,
authorization,n,86,33,4.666667,1.108678,14,4.642857,1.277446,19,4.684211,1.00292,,,
autonomy,,288,22,4.5,1.336306,12,4.833333,1.585923,10,4.1,0.875595,,,
award,,329,17,3.764706,1.20049,5,3.8,0.4472136,12,3.75,1.422226,,,
awful,adj,167,23,4.73913,0.9153932,13,5,0.9128709,10,4.4,0.843274,,,
bacteria,,162,23,4.391304,0.8387832,13,4.615385,1.043908,10,4.1,0.3162278,,,
bake,,38,22,2.772727,1.151885,11,2.636364,1.206045,11,2.909091,1.136182,6.17,5.1,5.49
baker,,32,22,3.454545,1.534594,11,3.090909,1.700267,11,3.818182,1.32802,,,
barbecue,,677,23,5.086957,0.9960396,12,5,0.9534626,11,5.181818,1.07872,,,
beautiful,,586,19,2.210526,1.315673,13,2.307692,1.493576,6,2,0.8944272,7.6,6.17,6.29
becoming,,277,30,3.366667,1.217214,14,3.071429,1.141139,16,3.625,1.258306,,,
belief,n,315,25,3.24,0.8306624,12,3.083333,0.7929615,13,3.384615,0.8697185,,,
benevolent,adj,13,26,3.846154,1.286618,12,4.083333,1.1645,14,3.642857,1.392681,,,
betray,v,281,30,4.333333,1.184187,14,3.857143,1.460092,16,4.75,0.6831301,1.68,7.24,4.92
bewilder,v,29,28,4.071429,1.412342,17,3.764706,1.480262,11,4.545455,1.21356,,,
bird,,362,27,3.222222,1.250641,13,3.153846,1.675617,14,3.285714,0.726273,7.27,3.17,4.42
bitchy,adj,467,30,2.666667,1.88155,14,2.857143,2.213843,16,2.5,1.591645,,,
bitter,adj,562,20,4.35,1.225819,12,4,1.3484,8,4.875,0.834523,,,
black,,611,24,4.333333,0.9630868,10,4.4,1.264911,14,4.285714,0.726273,5.39,4.61,5.14
blackmail,v,387,19,5.263158,1.194529,7,5.142857,1.46385,12,5.333333,1.073087,2.95,6.03,3.54
blade,,681,23,5.478261,0.8979555,12,5.416667,0.7929615,11,5.545455,1.035725,,,
blare,,345,28,4.5,1.20185,15,4.466667,0.9904304,13,4.538462,1.450022,,,
bless,v,406,21,3.142857,1.276155,13,2.846154,1.143544,8,3.625,1.407886,7.19,4.05,5.52
blossoming,,488,21,3.428571,2.134747,13,4.076923,2.059998,8,2.375,1.92261,,,
blue,,649,32,4.1875,1.354503,20,4.45,1.468081,12,3.75,1.05529,6.76,4.31,5.63
blunder,n,180,16,4.5,1.316561,10,4.3,1.251666,6,4.833333,1.47196,,,
boast,,365,21,5.380952,0.9734573,16,5.625,0.8850612,5,4.6,0.8944272,,,
body,,216,24,3.791667,1.444003,13,3.846154,1.405119,11,3.727273,1.55505,5.55,5.52,5.34
boil,,114,20,4.3,0.8013147,9,4.333333,0.8660254,11,4.272727,0.7862454,,,
bold,adj,194,26,4.461538,1.30325,9,4.111111,0.9279607,17,4.647059,1.455214,6.8,5.6,6.67
boorish,,5,15,4.866667,1.407463,9,4.555556,1.333333,6,5.333333,1.505545,,,
bossy,,529,37,4.432432,1.675651,20,4.35,1.843195,17,4.529412,1.504894,,,
bother,,299,26,4.269231,1.150919,14,4.428571,1.08941,12,4.083333,1.240112,,,
brag,,131,28,4.928571,1.245096,16,4.6875,1.352467,12,5.25,1.05529,,,
brash,adj,270,24,5.625,1.279011,16,5.625,1.310216,8,5.625,1.30247,,,
bravado,n,633,17,5.529412,1.504894,7,5.428571,1.902379,10,5.6,1.264911,,,
brave,adj,336,25,5.12,1.508863,13,4.846154,1.772294,12,5.416667,1.1645,7.15,6.15,7.22
brazen,adj,246,34,4.764706,1.280597,17,5,1.172604,17,4.529412,1.374666,,,
bribe,v,184,30,4.866667,1.195778,18,4.555556,1.293523,12,5.333333,0.8876254,,,
brilliance,n,643,31,3.967742,1.251236,19,4.105263,1.32894,12,3.75,1.13818,,,
bud,n,22,28,5.071429,1.698116,17,5.470588,1.419403,11,4.454545,1.967925,,,
budding,adj,241,22,3.863636,1.780729,12,3.666667,1.825742,10,4.1,1.791957,,,
buddy,n,126,26,5.461538,1.240347,19,5.210526,1.228321,7,6.142857,1.069045,,,
burden,,636,17,4.470588,1.28051,7,4.428571,0.7867958,10,4.5,1.581139,2.5,5.63,5.03
business,,67,26,4.807692,0.9389028,13,4.846154,1.068188,13,4.769231,0.8320503,,,
busy,,304,25,4.6,1.414214,11,4.727273,1.3484,14,4.5,1.506397,,,
busybody,,380,24,3.291667,1.45898,10,3.5,1.509231,14,3.142857,1.460092,5.17,4.84,5.45
butcher,v,4,15,5.333333,1.632993,9,5.555556,0.8819171,6,5,2.44949,,,
cabin,,265,24,4.708333,1.301476,16,4.5625,1.364734,8,5,1.195229,,,
calm,adj,275,30,3.366667,1.49674,14,3.142857,1.703261,16,3.5625,1.314978,,,
cantankerous,,391,19,5.368421,1.164785,7,5,1.154701,12,5.583333,1.1645,,,
capitulate,verb,339,25,4.16,1.280625,13,4,0.9128709,12,4.333333,1.61433,,,
captain,n,686,25,5.52,1.122497,12,5.5,1.087115,13,5.538462,1.198289,,,
captivating,,306,25,3.84,1.818424,11,4,1.67332,14,3.714286,1.9779,,,
captive,,427,27,4.333333,1.441153,15,4.466667,1.505545,12,4.166667,1.403459,,,
carefree,,156,30,3.4,1.220514,17,3.352941,0.9963167,13,3.461538,1.506397,7.54,4.17,5.78
cash,n,407,21,4.809524,0.9283883,13,4.923077,0.9540736,8,4.625,0.9161254,8.37,7.37,6.96
casualty,n,135,28,4.642857,1.311326,16,4.75,1.238278,12,4.5,1.445998,,,
cat,,303,25,3.04,1.428286,11,3.636364,1.286291,14,2.571429,1.398586,5.72,4.38,6.16
catastrophe,n,543,25,5.12,1.332917,15,5.466667,1.45733,10,4.6,0.9660918,,,
cave,,173,16,4.8125,1.046821,10,5,1.054093,6,4.5,1.048809,,,
celebrate,v,588,19,3.789474,1.512134,13,4,1.414214,6,3.333333,1.75119,,,
celibate,,564,21,3.52381,1.661898,12,3.25,1.76455,9,3.888889,1.536591,,,
chaos,,95,26,4.576923,1.331858,17,4.529412,1.328422,9,4.666667,1.414214,4.17,6.67,3.86
charisma,n,630,21,4.142857,1.621287,11,3.909091,1.868397,10,4.4,1.349897,,,
charismatic ,adj,190,30,4.633333,1.42595,18,4.666667,1.236694,12,4.583333,1.729862,,,
charitable,adj,87,33,3.333333,1.163687,14,3.428571,1.398586,19,3.263158,0.9911893,,,
charming,,571,21,4,2,12,4,2,9,4,2.12132,6.77,5.16,5.57
chaste,,115,20,3.7,1.454575,9,4,1.581139,11,3.454545,1.368476,,,
chastise,v,555,20,3.9,1.48324,12,4,1.206045,8,3.75,1.908627,,,
cheating,adj,60,23,5.043478,1.330696,16,5.1875,1.515201,7,4.714286,0.7559289,,,
chef,,16,26,4.423077,1.137474,12,4.25,1.13818,14,4.571429,1.157868,,,
cherish,v,665,25,2.28,1.1,9,2.222222,0.9718253,16,2.3125,1.195478,,,
chief,n,699,30,5.5,1.279817,19,5.526316,1.50438,11,5.454545,0.8201995,,,
cleverness,n,668,25,3.84,1.374773,9,4.111111,1.833333,16,3.6875,1.078193,,,
clumsy,,35,22,3.409091,1.098011,11,2.909091,1.044466,11,3.909091,0.9438798,4,5.18,3.86
cocky,,191,30,6,1.203443,18,5.777778,1.262843,12,6.333333,1.073087,,,
cold,adj,528,37,4.243243,0.9833448,20,4.35,1.089423,17,4.117647,0.8574929,4.02,5.19,4.69
collaborative,adj,390,19,3.842105,1.60773,7,4.285714,1.253566,12,3.583333,1.78164,,,
comeuppance,noun,584,19,4.105263,1.286457,13,4.153846,1.281025,6,4,1.414214,,,
commander,n,370,21,5.095238,1.480026,16,5.125,1.668333,5,5,0.7071068,,,
compassionate,adj,244,34,2.941176,1.536252,17,3.235294,1.888432,17,2.647059,1.057188,,,
competitive,adj,332,17,4.941176,1.344925,5,4.8,1.788854,12,5,1.206045,,,
complain,v,245,34,3.911765,1.083419,17,4.058824,1.197424,17,3.764706,0.9701425,,,
compliance,n,228,20,4.55,1.099043,12,4.666667,1.073087,8,4.375,1.187735,,,
confidence,n,11,26,4.384615,1.061204,12,4.666667,1.154701,14,4.142857,0.9492623,,,
confident,adj,73,35,4.8,1.278786,16,5.375,1.087811,19,4.315789,1.249561,7.98,6.22,7.68
consensus building,adj,438,44,4.5,1.389328,25,4.76,1.507758,19,4.157895,1.167293,,,
considerate,adj,357,27,3.518519,1.220667,13,3.615385,1.38675,14,3.428571,1.08941,,,
contanimated,,10,15,4.8,1.146423,9,4.666667,1,6,5,1.414214,,,
contented,,672,25,3.32,1.314027,9,3.333333,1.581139,16,3.3125,1.195478,,,
cook,,77,35,3.4,1.438954,16,3.5,1.632993,19,3.315789,1.293257,6.16,4.44,5.14
cooperation,n,476,25,3.88,1.563117,13,3.846154,1.344504,12,3.916667,1.831955,,,
copious,adj,285,22,3.681818,1.129111,12,3.5,1.445998,10,3.9,0.5676462,,,
cordial,adj,609,24,3.25,1.151558,10,3.1,1.523884,14,3.357143,0.8418974,,,
courageous,adj,426,27,4.62963,1.596827,15,4.866667,1.552264,12,4.333333,1.669694,,,
courtly,adj,342,25,3.96,1.428286,13,3.615385,1.043908,12,4.333333,1.723281,,,
coward,n,455,26,4.538462,1.55514,16,4.25,1.612452,10,5,1.414214,2.74,4.04,2.83
crabby,,664,24,3.708333,1.041703,9,3.888889,1.054093,15,3.6,1.055597,,,
crass,,509,31,4.967742,1.494074,14,4.857143,1.657484,17,5.058824,1.39062,,,
crazy,adj,376,24,3.625,0.8242256,10,3.4,1.074968,14,3.785714,0.5789342,,,
crime,,534,26,5,1.232883,16,4.875,1.360147,10,5.2,1.032796,2.89,5.41,4.12
critical,,461,26,5.038462,1.21592,16,5.1875,1.167262,10,4.8,1.316561,,,
crucial,,442,44,4.454545,1.170461,25,4.72,1.275408,19,4.105263,0.9365858,,,
crucify,v,70,26,5.230769,1.069867,13,5.153846,1.143544,13,5.307692,1.031553,2.23,6.47,3.74
crude,,59,23,5.478261,1.377401,16,5.4375,1.504161,7,5.571429,1.133893,3.12,5.07,4.27
crush ,,1,15,3.933333,1.667619,9,4,1.732051,6,3.833333,1.722401,,,
cry,,308,25,2.96,1.540563,11,2.909091,1.578261,14,3,1.568929,,,
cubicle,,445,20,4.2,1.321881,4,4,1.414214,16,4.25,1.341641,,,
curious,,262,21,3.904762,1.300183,14,4.214286,1.251373,7,3.285714,1.253566,6.08,5.82,5.42
cute,,503,31,2.322581,1.469401,14,2.642857,1.823232,17,2.058824,1.088037,7.62,5.53,4.86
darling,,541,26,2.538462,1.630479,16,2.6875,1.851801,10,2.3,1.251666,,,
data,,107,20,4.85,1.03999,14,4.714286,0.9944903,6,5.166667,1.169045,,,
dawn,,395,27,3.518519,1.626,16,3.5,1.67332,11,3.545455,1.634848,6.16,4.39,5.16
day,,354,27,3.814815,1.039121,13,4,1.354006,14,3.642857,0.6333237,,,
daybreak,,570,21,3.857143,1.062342,12,4.083333,0.9003366,9,3.555556,1.236033,,,
deadbeat,,250,34,5.735294,1.024217,17,5.647059,1.114741,17,5.823529,0.9510057,,,
deceive,v,657,20,4.5,0.9459053,8,4.5,1.195229,12,4.5,0.797724,,,
deep,adj,420,19,4.473684,1.073334,10,4.9,0.875595,9,4,1.118034,,,
defeat,,141,30,4.4,1.101723,14,4,1.240347,16,4.75,0.8563488,2.34,5.09,3.11
defend,v,628,20,4.6,1.46539,11,4.636364,1.566699,9,4.555556,1.424001,,,
deliberate,,177,16,4.3125,1.621471,10,4.6,1.349897,6,3.833333,2.041241,,,
delicate,adj,149,30,2.433333,1.430778,14,3,1.664101,16,1.9375,0.9979145,,,
delight,n,267,24,3.375,1.714706,16,3.625,1.927866,8,2.875,1.125992,8.26,5.44,5.79
den,,261,21,4.571429,1.075706,14,4.642857,1.150728,7,4.428571,0.9759001,,,
deny,v,610,24,4.083333,0.9286112,10,3.9,1.197219,14,4.214286,0.6992932,,,
desire,n,327,17,3.352941,1.320094,5,3.2,1.643168,12,3.416667,1.240112,7.69,7.35,6.49
despair,n,175,16,4.5625,1.314978,10,4.5,1.269296,6,4.666667,1.505545,,,
destruction,,384,19,5.789474,1.134262,7,5.857143,1.069045,12,5.75,1.215431,3.16,5.82,3.93
developing,adj,532,37,3.702703,1.023742,20,3.75,1.292692,17,3.647059,0.6063391,,,
devote,,536,26,3.5,1.272792,16,3.6875,1.400893,10,3.2,1.032796,,,
dignified,adj,505,31,4.419355,1.232185,14,4.785714,1.368805,17,4.117647,1.053705,7.1,4.12,6.12
direct,adj,439,44,5.045455,1.180354,25,5.16,1.178983,19,4.894737,1.196975,,,
director,n,14,26,5.076923,1.163549,12,5.25,1.215431,14,4.928571,1.141139,,,
disarray,,53,23,4.521739,1.038774,16,4.5,1.032796,7,4.571429,1.133893,,,
disaster,n,402,27,4.851852,1.292097,16,5.1875,1.223043,11,4.363636,1.286291,1.73,6.33,3.52
discipline,v,690,26,4.576923,1.4191,13,4.692308,1.493576,13,4.461538,1.391365,,,
disgraceful,adj,47,20,4.45,0.9986833,9,4.222222,0.8333333,11,4.636364,1.120065,,,
disheveled,,487,21,4.619048,1.465476,13,4.846154,1.519109,8,4.25,1.38873,,,
disloyal,adj,652,32,4.46875,1.217729,20,4.45,1.394538,12,4.5,0.904534,1.93,6.56,3.79
dismay,,409,21,3.571429,1.075706,13,3.384615,1.120897,8,3.875,0.9910312,,,
disorder,,235,23,4.913043,1.040675,12,5.083333,1.083625,11,4.727273,1.00905,,,
distant,adj,579,21,4.666667,1.064581,9,4.333333,0.8660254,12,4.916667,1.1645,,,
distinguished,adj,500,33,4.575758,1.323591,22,4.727273,1.315903,11,4.272727,1.3484,,,
ditsy,adj,46,20,3,1.65434,9,3.111111,2.088327,11,2.909091,1.30035,,,
doctor,,607,24,4.541667,1.178767,10,4.5,1.581139,14,4.571429,0.8516306,5.2,5.86,4.89
dog ,,30,27,5.222222,1.050031,16,5,0.9660918,11,5.545455,1.128152,7.57,5.76,6.25
dolt,n,195,26,4.423077,1.02657,9,4.444444,0.7264832,17,4.411765,1.175735,,,
domination,n,368,21,5.761905,0.8890873,16,5.875,0.8850612,5,5.4,0.8944272,,,
dominion,n,314,25,4.96,1.135782,12,4.75,1.422226,13,5.153846,0.8006408,,,
donate,,421,19,3.842105,1.213954,10,4.3,1.337494,9,3.333333,0.8660254,,,
dread,,591,19,4.578947,1.426565,13,4.384615,1.502135,6,5,1.264911,2.26,5.84,4.1
dream,n,623,21,3.47619,1.691717,11,3.454545,1.863525,10,3.5,1.581139,6.73,4.53,5.53
dunce,,436,44,4.840909,1.256484,25,4.92,1.28841,19,4.736842,1.240166,,,
dungeon,,497,33,5.121212,1.268798,22,5.045455,1.326552,11,5.272727,1.190874,,,
ear,,174,16,3.4375,1.631717,10,3.6,1.173788,6,3.166667,2.316607,,,
earnest,adj,687,26,3.769231,1.305609,13,4.153846,1.405119,13,3.384615,1.120897,,,
effective,,264,24,4.291667,1.041703,16,4.5,0.9660918,8,3.875,1.125992,,,
ego,n,635,17,5.294118,1.046704,7,5.285714,1.253566,10,5.3,0.9486833,,,
egoistic,,473,25,5.44,1.193035,13,5.307692,1.250641,12,5.583333,1.1645,,,
elderly,,106,20,4,0.9733285,14,4,0.9607689,6,4,1.095445,,,
elephant,,188,30,4.866667,1.166585,18,4.888889,1.231398,12,4.833333,1.114641,,,
embarrass,v,170,23,4.086957,1.040675,13,4,1,10,4.2,1.135292,3.03,5.87,2.87
emotion,,695,30,2.866667,1.306043,19,2.894737,1.559727,11,2.818182,0.7507572,,,
emotional,adj,463,30,2.866667,1.547709,14,3.214286,1.968153,16,2.5625,1.030776,,,
empathetic,adj,334,25,2.76,1.392839,13,3.307692,1.315587,12,2.166667,1.267304,,,
employed,,282,30,4.066667,1.048261,14,3.642857,1.215739,16,4.4375,0.7274384,,,
endow,v,112,20,4.35,1.424411,9,4.666667,1.581139,11,4.090909,1.30035,,,
engaged,,18,25,3.48,1.122497,11,3.818182,0.8738629,14,3.214286,1.251373,8,6.77,6.49
enjoy,v,604,24,3.958333,1.122078,10,3.9,1.523884,14,4,0.7844645,7.8,5.2,6.46
enlist,,350,28,4.857143,1.268253,15,5.2,1.320173,13,4.461538,1.126601,,,
eradication,,129,26,4.923077,1.440085,19,4.894737,1.559727,7,5,1.154701,,,
evidence,,693,30,4.4,1.354431,19,4.315789,1.529438,11,4.545455,1.035725,,,
excitement,,110,20,4.4,1.273206,14,4.642857,1.215739,6,3.833333,1.32916,7.5,7.67,6.18
exclusive,,326,17,4.117647,1.111438,5,4.2,1.48324,12,4.083333,0.9962049,,,
excuse,,102,20,4.1,1.020836,14,4.142857,0.6629935,6,4,1.67332,4.05,4.48,4.07
exotic,adj,581,21,3.47619,1.778175,9,3.555556,1.589899,12,3.416667,1.975225,,,
exquisite,,449,20,2.5,1.235442,4,2,0.8164966,16,2.625,1.310216,,,
extermination,,206,27,4.962963,1.159625,12,4.75,1.288057,15,5.133333,1.060099,,,
extort,v,48,20,4.85,1.089423,9,4.666667,1.118034,11,5,1.095445,,,
extraordinary,,590,19,3.736842,1.194529,13,3.538462,1.265924,6,4.166667,0.9831921,,,
eye,,475,25,3.92,1.187434,13,3.923077,1.320451,12,3.916667,1.083625,,,
fabulous,adj,62,26,3,1.720465,13,3.230769,1.921538,13,2.769231,1.535895,,,
facility,,101,20,4.25,1.164158,14,4.285714,1.204388,6,4.166667,1.169045,,,
fact,,501,33,4.666667,1.108678,22,4.727273,1.279204,11,4.545455,0.6875517,,,
factory,,212,25,4.92,1.187434,14,5,1.176697,11,4.818182,1.250454,,,
failure,,181,16,4.1875,1.276388,10,4.4,0.5163978,6,3.833333,2.041241,1.7,4.95,2.4
fairness,,187,30,3.566667,1.165106,18,3.722222,1.178511,12,3.333333,1.154701,,,
fascinating,adj,474,25,3.6,1.384437,13,3.846154,1.463224,12,3.333333,1.302678,7.34,5.83,6.15
fear,,523,37,3.648649,1.229639,20,3.55,1.316894,17,3.764706,1.147247,2.76,6.96,3.22
fearless,adj,670,24,4.833333,1.37261,8,5.125,1.642081,16,4.6875,1.25,,,
felony,,147,30,5.033333,1.449931,14,4.642857,1.59842,16,5.375,1.258306,,,
fervor,,526,37,4.378378,1.114335,20,4.3,1.41793,17,4.470588,0.6242643,,,
fierce,adj,251,34,4.558824,1.744101,17,5.235294,1.640481,17,3.882353,1.61564,,,
figure,n,337,25,3.68,1.625833,13,3.769231,1.300887,12,3.583333,1.975225,,,
filthy,,203,27,4.851852,1.06351,12,4.5,1.087115,15,5.133333,0.9904304,2.47,5.12,3.81
first,,66,26,4.192308,1.020558,13,4.307692,0.8548504,13,4.076923,1.187542,,,
fish,,7,15,4.466667,1.125463,9,4.222222,1.20185,6,4.833333,0.9831921,6.04,4,6.02
flash,,272,24,4.583333,1.316011,16,4.5625,1.364734,8,4.625,1.30247,,,
flirt,,,30,3.366667,1.542129,19,3.368421,1.832137,11,3.363636,0.9244163,7.52,6.91,6.24
follower,n,637,17,3.764706,0.9701425,7,3.571429,1.272418,10,3.9,0.7378648,,,
fool,n,373,24,4.583333,0.8805466,10,4.4,1.074968,14,4.714286,0.726273,,,
foolish,adj,204,27,4.555556,0.9740215,12,4.5,1.087115,15,4.6,0.910259,,,
forceful,adj,8,15,5.266667,1.334523,9,5.111111,1.364225,6,5.5,1.378405,,,
forget,,183,30,4.233333,1.165106,18,4.222222,1.114374,12,4.25,1.288057,,,
forgive,,594,32,3.3125,1.281066,14,3.857143,1.406422,18,2.888889,1.02262,,,
fork,,491,21,4.238095,1.300183,13,4.538462,1.330124,8,3.75,1.164965,5.29,3.96,5.74
formal,adj,697,30,4.233333,1.406471,19,4.421053,1.464991,11,3.909091,1.30035,,,
frantic,adj,575,21,4.047619,1.283596,9,4.333333,0.8660254,12,3.833333,1.527525,,,
freedom,,631,21,4.190476,1.40068,11,4.636364,1.433369,10,3.7,1.251666,7.58,5.52,6.76
fresh,,294,26,3.384615,1.134087,14,3.285714,1.204388,12,3.5,1.087115,,,
friendly,adj,297,26,3.346154,1.198075,14,3.214286,1.423893,12,3.5,0.904534,8.43,5.11,5.92
frigid,adj,88,33,4,1.369306,14,3.785714,1.476929,19,4.157895,1.30227,3.5,4.75,4.27
frumpy,adj,284,22,3.318182,1.523979,12,3.5,1.732051,10,3.1,1.286684,,,
fulfilled,,382,24,4,0.8846517,10,4.4,1.173788,14,3.714286,0.4688072,,,
furious,adj,566,21,5.142857,1.49284,12,5.75,0.7537784,9,4.333333,1.870829,,,
gaffe,n,207,27,4.592593,1.152231,12,4.583333,1.505042,15,4.6,0.8280787,,,
gallant,adj,689,26,5.115385,1.557612,13,4.615385,1.894662,13,5.615385,0.9607689,,,
gentle,adj,499,33,2.787879,1.473889,22,2.818182,1.622355,11,2.727273,1.190874,7.31,3.21,5.1
genuine,,551,25,3.84,1.675311,15,4.4,1.882248,10,3,0.8164966,,,
genuis,n,589,19,4.789474,1.084176,13,4.846154,1.143544,6,4.666667,1.032796,,,
give,,121,26,3.615385,1.29852,19,3.736842,1.367971,7,3.285714,1.112697,,,
gleam,,560,20,3.4,1.569445,12,3.25,1.602555,8,3.625,1.59799,,,
glimmer,,598,32,2.90625,1.444888,14,3.5,1.743118,18,2.444444,0.9835244,,,
gloat,,367,21,5.142857,1.014185,16,5.1875,1.046821,5,5,1,,,
god,,320,25,4.8,1.154701,12,4.916667,1.083625,13,4.692308,1.250641,8.15,5.95,5.88
good,,152,30,3.766667,0.8583598,17,3.882353,0.9926198,13,3.615385,0.6504436,7.47,5.43,6.41
good-humored,,17,26,4.153846,0.9671528,12,4.416667,0.6685579,14,3.928571,1.141139,,,
goofy,adj,606,24,3.958333,1.082636,10,3.6,1.173788,14,4.214286,0.9749613,,,
gorgeous,,165,23,2.521739,1.754723,13,2.615385,1.709701,10,2.4,1.897367,,,
government,,127,26,5,1.414214,19,5.157895,1.537066,7,4.571429,0.9759001,,,
gracious,adj,248,34,3.088235,1.443221,17,3.588235,1.543487,17,2.588235,1.175735,,,
grateful,adj,279,30,3.4,1.275769,14,3.357143,1.499084,16,3.4375,1.093542,7.37,4.58,6.18
great,adj,105,20,4.2,1.399248,14,4.642857,1.277446,6,3.166667,1.169045,,,
greedy,,268,24,4.833333,1.307725,16,4.6875,1.25,8,5.125,1.457738,3.51,4.71,4.88
green,,662,20,4.15,0.9880869,8,4.625,1.187735,12,3.833333,0.7177406,6.18,4.28,4.82
grill,,64,26,5.269231,1.150919,13,5.307692,1.182132,13,5.230769,1.165751,,,
gripe,v,68,26,4.269231,1.372813,13,4.846154,1.214232,13,3.692308,1.315587,3.14,5,4.67
grumble,v,346,28,4.928571,1.513607,15,5,1.46385,13,4.846154,1.625123,,,
guide,n,122,26,4.230769,1.557118,19,4.368421,1.570935,7,3.857143,1.573592,,,
guilty,adj,478,25,4.64,0.9521905,13,4.538462,0.9674179,12,4.75,0.9653073,2.63,6.04,3.09
guy,n,42,20,5.85,1.631112,9,5.333333,1.936492,11,6.272727,1.272078,,,
habit,n,192,26,4.269231,1.002305,9,4.111111,0.6009252,17,4.352941,1.169464,4.11,3.95,4.3
handsome,,646,32,5.71875,1.373349,20,5.25,1.482352,12,6.5,0.6741999,7.93,5.95,5.19
happy,,36,22,3.227273,1.066004,11,3.272727,1.3484,11,3.181818,0.7507572,8.21,6.49,6.63
hardship,,26,28,4.857143,1.1455,17,4.647059,1.221739,11,5.181818,0.9816498,2.45,4.76,4.22
hardy,adj,158,29,4.862069,1.619615,16,4.5625,1.631717,13,5.230769,1.589227,,,
harmful,adj,605,24,4.625,1.244553,10,4.8,1.75119,14,4.5,0.7595545,,,
harmless,adj,45,20,3.25,1.482352,9,4,1.581139,11,2.636364,1.120065,,,
harmony,n,651,32,3.28125,1.59099,20,3.65,1.785173,12,2.666667,0.9847319,,,
harsh,adj,656,20,5.05,0.9445132,8,5,0.7559289,12,5.083333,1.083625,,,
hasten,,280,30,3.766667,1.194335,14,3.428571,1.398586,16,4.0625,0.9287088,,,
hateful,adj,239,23,4.565217,1.236788,12,4.833333,1.267304,11,4.272727,1.190874,,,
heal,v,582,21,4.190476,1.289149,9,4.222222,1.394433,12,4.166667,1.267304,7.09,4.77,5.79
heated,adj,507,30,4.433333,1.50134,13,4.384615,1.757767,17,4.470588,1.328422,,,
hectic,,485,21,4.428571,1.434274,13,5,1.224745,8,3.5,1.309307,,,
hero,,210,26,5.615385,1.134087,12,5.666667,1.073087,14,5.571429,1.2225,,,
heroic,adj,400,27,4.740741,1.456883,16,4.6875,1.579821,11,4.818182,1.32802,,,
heroine,,450,20,1.8,1.151658,4,1.25,0.5,16,1.9375,1.236595,,,
hesitant,,477,25,3.68,1.43527,13,3.153846,1.281025,12,4.25,1.422226,,,
hideous,adj,355,27,4.925926,0.9971469,13,5.076923,1.187542,14,4.785714,0.8017837,,,
high-pitched,adj,567,21,2.571429,1.247855,12,2.75,1.484771,9,2.333333,0.8660254,,,
hinder,,614,27,4.481481,0.8489981,13,4.384615,0.9607689,14,4.571429,0.7559289,3.81,4.12,4.21
hiss,,296,26,3.307692,1.257592,14,3.071429,1.268814,12,3.583333,1.240112,,,
history,,120,20,4.5,0.7608859,9,4.555556,0.8819171,11,4.454545,0.6875517,5.24,3.93,4.83
holler,,452,20,4.55,1.503505,4,3.75,2.362908,16,4.75,1.238278,,,
homespun,,527,37,3.405405,1.571614,20,3.3,1.809333,17,3.529412,1.28051,,,
honest,adj,209,27,3.518519,1.087353,12,3.333333,1.302678,15,3.666667,0.8997354,7.7,5.32,6.24
honesty ,,143,30,3.933333,1.25762,14,4.571429,1.34246,16,3.375,0.8850612,,,
honor,v,161,30,4.266667,1.311312,17,4.235294,1.521899,13,4.307692,1.031553,7.66,5.9,6.7
hoodlum,,481,25,5.32,1.492202,13,5.230769,1.739437,12,5.416667,1.240112,,,
hope ,v,274,29,2.896552,1.046928,14,2.642857,1.008208,15,3.133333,1.060099,7.05,5.44,5.52
hormonal,adj,419,19,2.631579,1.770453,10,2.9,1.72884,9,2.333333,1.870829,,,
horrible,adj,213,25,4.84,0.9865766,14,4.785714,1.050902,11,4.909091,0.9438798,,,
horse,,219,25,4.16,1.344123,14,4.428571,1.2225,11,3.818182,1.47093,5.89,3.89,4.67
hostage,,168,23,4.652174,1.300654,13,5,1.154701,10,4.2,1.398412,2.2,6.76,2.83
hotel,,185,30,4.6,1.191927,18,4.777778,1.21537,12,4.333333,1.154701,6,4.8,5.12
hour,,486,21,4.380952,1.023533,13,4.615385,1.26085,8,4,0,,,
howl,,289,22,4.954545,1.463111,12,4.416667,1.621354,10,5.6,0.9660918,,,
humane,adj,535,26,3.653846,1.354764,16,3.4375,1.364734,10,4,1.333333,6.89,4.5,5.7
humble,adj,679,23,3.782609,1.565437,12,4.083333,1.505042,11,3.454545,1.634848,5.86,3.74,4.76
hurry,,310,25,4.64,1.439907,11,4.636364,1.68954,14,4.642857,1.277446,,,
hustle,,648,32,4.875,1.288911,20,4.85,1.424411,12,4.916667,1.083625,,,
hysteria,,470,30,3.666667,1.470007,14,4.071429,1.63915,16,3.3125,1.25,,,
icon,n,454,26,4.576923,1.064822,16,4.625,0.8062258,10,4.5,1.433721,,,
idea,n,124,26,3.884615,1.210848,19,4.105263,1.149625,7,3.285714,1.253566,7,5.86,6.26
idealist,,255,21,4.190476,1.327368,14,4.5,1.286019,7,3.571429,1.272418,,,
idiot,,479,25,5.12,1.363818,13,5,1.632993,12,5.25,1.05529,3.16,4.21,3.18
idol,,247,34,4.294118,1.030722,17,4.529412,1.007326,17,4.058824,1.028992,6.12,4.95,5.37
ignore,,639,17,4.176471,0.9510057,7,3.714286,0.7559289,10,4.5,0.9718253,,,
illogical,adj,549,24,4.708333,1.654484,15,4.866667,1.641718,9,4.444444,1.740051,,,
important,,58,23,4.434783,0.9451352,16,4.4375,1.093542,7,4.428571,0.5345225,,,
indebted,adj,573,21,4.380952,0.9734573,9,4.333333,0.7071068,12,4.416667,1.1645,,,
indecent,,688,26,4.538462,1.066987,13,4.769231,1.300887,13,4.307692,0.7510676,,,
industry,,599,31,5.322581,1.012821,14,5.571429,0.7559289,17,5.117647,1.166316,5.3,4.47,4.91
inexperienced,adj,408,21,4.095238,1.261141,13,4.153846,0.9870962,8,4,1.690309,,,
infection,,464,30,4.3,0.6512587,14,4.428571,0.8516306,16,4.1875,0.4031129,1.66,5.03,3.61
influence,,50,20,4.6,1.187656,9,4.333333,1.224745,11,4.818182,1.167748,,,
informed,adj,645,32,4.40625,1.214413,20,4.85,1.03999,12,3.666667,1.154701,,,
inn,,696,30,4.066667,1.080655,19,4,1.20185,11,4.181818,0.8738629,,,
inquisitive,,554,20,3.9,1.447321,12,3.75,1.356801,8,4.125,1.642081,,,
insecure,,341,25,3.72,1.208305,13,3.461538,1.126601,12,4,1.279204,2.36,5.56,2.33
insight,n,199,26,3.5,0.9486833,9,4.111111,0.6009252,17,3.176471,0.9510057,,,
insincere,,301,26,4.769231,1.335895,14,4.714286,1.266647,12,4.833333,1.466804,,,
insurgent,,157,30,4.733333,1.201532,17,4.529412,1.419403,13,5,0.8164966,,,
integrity,,225,20,3.9,1.410487,12,4.5,1.243163,8,3,1.195229,,,
intelligence,n,443,20,3.5,1.432701,4,3.25,1.258306,16,3.5625,1.504161,,,
intense,adj,55,23,5.26087,0.9637706,16,5.1875,0.8341663,7,5.428571,1.272418,,,
inundate,,632,21,4.047619,1.07127,11,4.272727,1.103713,10,3.8,1.032796,,,
invariable,,231,20,4.35,0.875094,12,4.416667,0.7929615,8,4.25,1.035098,,,
irrational,adj,519,24,4.083333,1.44212,10,4.6,1.429841,14,3.714286,1.382783,,,
irritate,v,448,20,4.45,1.234376,4,4.25,0.9574271,16,4.5,1.316561,3.11,5.76,5.03
isolated,,6,15,4.466667,1.187234,9,4.444444,1.509231,6,4.5,0.5477226,,,
jail,,328,17,5.352941,1.221739,5,5.8,0.83666,12,5.166667,1.337116,1.95,5.49,3.81
jerk,,118,20,5.15,1.531253,9,4.888889,1.615893,11,5.363636,1.501514,,,
jilt,v,525,36,3.888889,1.140871,19,3.684211,1.249561,17,4.117647,0.9926198,,,
jock,,545,25,6.28,0.8906926,15,6.4,0.6324555,10,6.1,1.197219,,,
jolly,,230,20,4.25,1.332785,12,4.25,1.422226,8,4.25,1.28174,7.41,5.57,6.39
joyous,,576,20,3.4,1.231174,9,3.555556,1.236033,11,3.272727,1.272078,,,
justice,,145,30,4.866667,1.041661,14,5.142857,1.027105,16,4.625,1.024695,7.78,5.47,6.47
kitten,,79,35,2.457143,1.291211,16,2.1875,1.327592,19,2.684211,1.249561,,,
knife,,537,26,4.730769,1.484795,16,4.5,1.67332,10,5.1,1.100505,,,
kooky,adj,422,19,3.842105,1.344254,10,4,1.247219,9,3.666667,1.5,,,
lake,,319,25,3.88,1.16619,12,3.833333,1.337116,13,3.923077,1.037749,6.82,3.95,4.9
lamb,,671,25,2.76,1.267544,9,3.333333,1.322876,16,2.4375,1.152895,5.89,3.36,4.91
last,,383,19,4.526316,1.218762,7,4.285714,0.7559289,12,4.666667,1.435481,,,
lavish,adj,236,23,2.826087,1.23038,12,3.083333,1.378954,11,2.545455,1.035725,6.21,4.93,5.64
leader,n,654,20,4.9,1.020836,8,5.25,1.28174,12,4.666667,0.7784989,7.63,6.27,7.88
leg,,608,24,4.208333,1.020621,10,4.2,1.549193,14,4.214286,0.4258153,,,
lethal,adj,21,27,5.259259,1.430239,16,5.25,1.437591,11,5.272727,1.489356,,,
lewd,,401,27,4.814815,1.41522,16,4.6875,1.352467,11,5,1.549193,,,
liberty,,425,26,3.961538,1.731607,14,3.642857,1.736803,12,4.333333,1.723281,7.98,5.6,6.29
lively,,417,19,3.684211,1.492672,10,4.3,1.567021,9,3,1.118034,7.2,5.53,6.09
lonely,,78,35,3.628571,1.352247,16,3.875,1.543805,19,3.421053,1.169795,2.17,4.51,2.95
long,,441,44,4.340909,1.160256,25,4.28,1.369915,19,4.421053,0.8377078,,,
loser,,234,23,4.695652,1.019571,12,4.666667,1.073087,11,4.727273,1.00905,2.25,4.95,3.02
love,v,215,25,2.72,1.30767,14,2.357143,1.008208,11,3.181818,1.537412,8.72,6.44,7.11
loyal,adj,238,23,3.652174,1.433644,12,3.666667,1.302678,11,3.636364,1.629278,7.55,5.16,6.91
mad,adj,440,44,4.704545,1.211947,25,4.76,1.362596,19,4.631579,1.011628,2.44,6.76,5.86
man,n,186,30,6.4,1.162637,18,6.055556,1.392088,12,6.916667,0.2886751,6.73,5.24,5.53
manager,n,465,29,4.793103,1.048104,13,5.230769,1.091928,16,4.4375,0.8920949,,,
mangle,v,97,25,5.44,1.227464,17,5.411765,1.175735,8,5.5,1.414214,3.9,5.44,4.61
massacre,,137,28,5.357143,1.445665,16,4.9375,1.436141,12,5.916667,1.311372,2.28,5.33,3.5
master,n,361,27,4.851852,1.231125,13,4.461538,1.265924,14,5.214286,1.121714,,,
mature,,56,23,4.304348,1.362977,16,4.5,1.460593,7,3.857143,1.069045,,,
mean,adj,659,20,4.95,1.190975,8,4.875,1.642081,12,5,0.8528029,,,
meaningful,,369,21,4.190476,1.167007,16,4.1875,1.223043,5,4.2,1.095445,,,
meddling,,495,31,4.322581,1.491914,20,4.45,1.637553,11,4.090909,1.221028,,,
mellow,adj,660,20,4.05,1.394538,8,4.625,1.407886,12,3.666667,1.302678,,,
mild,,348,28,3.535714,1.261455,15,3.2,1.014185,13,3.923077,1.441153,,,
milieu,,462,25,4.08,1.187434,15,4.2,1.320173,10,3.9,0.9944289,,,
minute,,198,26,4,0.9797959,9,4.333333,0.7071068,17,3.823529,1.074436,,,
misconduct,,171,23,4.608696,1.233588,13,4.538462,1.330124,10,4.7,1.159502,,,
misery,n,136,28,4.321429,1.188013,16,4.375,1.204159,12,4.25,1.215431,1.93,5.17,2.55
mislead,v,221,25,4.32,1.314027,14,4.071429,1.206666,11,4.636364,1.433369,,,
mistake,n,595,32,4.4375,0.7593503,14,4.571429,0.9376145,18,4.333333,0.5940885,2.86,5.18,3.86
mistress,n,344,28,2.142857,1.6265,15,2.2,1.780851,13,2.076923,1.497862,,,
modest,adj,565,21,2.761905,1.091089,12,3.25,1.05529,9,2.111111,0.781736,5.76,3.98,4.96
mogul,,538,26,5.192308,1.296741,16,5.1875,1.327592,10,5.2,1.316561,,,
molest,,511,31,4.903226,1.422553,14,4.357143,1.392681,17,5.352941,1.320094,,,
money,n,273,30,4.633333,1.217214,14,4.642857,1.392681,16,4.625,1.087811,7.59,5.7,6.25
month,,330,17,3.823529,1.286239,5,3.6,0.8944272,12,3.916667,1.443376,5.15,4.03,4.85
moody,,353,27,3.037037,1.400041,13,3,1.779513,14,3.071429,0.997249,3.2,4.18,4.39
morning,,359,27,3.62963,1.334401,13,3.384615,1.609268,14,3.857143,1.027105,,,
motel,,178,16,3.375,1.204159,10,3.4,1.429841,6,3.333333,0.8164966,,,
mouth,,650,32,4.0625,1.075759,20,4.05,1.316894,12,4.083333,0.5149287,,,
multi-tasking,adj,142,30,3.666667,1.321789,14,4.357143,1.150728,16,3.0625,1.181454,,,
mutable,,276,30,4.133333,1.166585,14,4.285714,1.069045,16,4,1.264911,,,
mutilate,v,468,30,4.766667,1.194335,14,4.642857,1.215739,16,4.875,1.204159,1.82,6.41,3.41
narcissistic,,602,32,4.8125,1.401324,14,4.714286,1.382783,18,4.888889,1.450715,,,
neglect,,540,26,4.5,1.140175,16,4.375,1.087811,10,4.7,1.251666,2.63,4.83,3.85
new,,593,32,3.96875,0.9994958,14,4.285714,1.325987,18,3.722222,0.5745131,,,
noisy,adj,666,25,4.76,1.090871,9,4.555556,1.013794,16,4.875,1.147461,5.02,6.38,4.93
nose,,364,21,4,0.83666,16,3.875,0.8062258,5,4.4,0.8944272,,,
nosy,,627,21,3.428571,1.247855,11,3.818182,1.167748,10,3,1.247219,,,
number,,290,22,4.363636,1.048602,12,4.5,1.243163,10,4.2,0.7888106,,,
nurse,,617,27,2.962963,1.531251,13,3.307692,1.702186,14,2.642857,1.336306,6.08,4.84,4.84
obnoxious,,392,19,4.947368,1.432701,7,3.714286,1.112697,12,5.666667,1.073087,3.5,4.74,5.39
ocean,,338,24,3.5,1.14208,12,3.333333,0.7784989,12,3.666667,1.435481,7.12,4.95,5.53
offend,v,680,23,4.608696,1.405804,12,5,1.206045,11,4.181818,1.537412,2.76,5.56,3.73
offensive,,229,20,4.85,0.9880869,12,5.083333,0.6685579,8,4.5,1.309307,,,
office,,196,26,4.423077,1.238485,9,4.444444,0.5270463,17,4.411765,1.502449,5.24,4.08,5.59
old,,240,23,4.478261,1.16266,12,4.583333,1.1645,11,4.363636,1.206045,,,
opinion,n,295,26,4.192308,1.16685,14,4.285714,1.266647,12,4.083333,1.083625,6.28,4.89,5.53
optimism,n,619,27,4.37037,1.181529,13,4.923077,1.320451,14,3.857143,0.7703289,6.95,5.34,6.61
orange,,675,23,3.73913,1.629763,12,4.083333,1.831955,11,3.363636,1.361817,,,
ordeal,n,653,20,4.45,0.8870412,8,4.875,0.9910312,12,4.166667,0.7177406,,,
overlook,,489,21,4.380952,1.116969,13,4.384615,1.26085,8,4.375,0.9161254,,,
overwhelm,,640,17,4.058824,1.560072,7,4.571429,1.272418,10,3.7,1.702939,4.19,7,3.89
pal,n,360,27,5,1.270978,13,5.384615,1.26085,14,4.642857,1.215739,,,
pang,,531,37,4.189189,1.174683,20,4.15,1.03999,17,4.235294,1.347656,,,
panic,n,278,30,3.966667,1.299425,14,4.071429,1.63915,16,3.875,0.9574271,3.12,7.02,3.2
part,,616,27,4.185185,1.075498,13,4.615385,1.192928,14,3.785714,0.8017837,5.11,3.82,4.75
passion,n,410,21,3.142857,1.424279,13,3,1.581139,8,3.375,1.187735,8.03,7.26,6.13
passionate,adj,208,27,3.222222,1.476309,12,3.583333,1.928652,15,2.933333,0.9611501,8.03,7.26,6.13
past,,176,16,4.375,0.8062258,10,4.1,0.3162278,6,4.833333,1.169045,,,
pathetic,,484,21,4.52381,1.209093,13,4.769231,1.300887,8,4.125,0.9910312,,,
pathological,,313,25,4.44,0.9609024,12,4.166667,0.8348471,13,4.692308,1.031553,,,
payment,n,550,25,4.56,1.356466,15,4.666667,1.58865,10,4.4,0.9660918,,,
peace,n,75,35,3.142857,1.574481,16,3,1.67332,19,3.263158,1.521772,7.72,2.95,5.45
peaceful,adj,311,25,3,1.707825,11,3.181818,1.47093,14,2.857143,1.91581,,,
peculiar,,530,37,4.027027,1.092563,20,3.65,0.9880869,17,4.470588,1.06757,,,
people,n,394,27,4.185185,1.144789,16,4.125,1.147461,11,4.272727,1.190874,,,
permit,v,544,25,4.24,1.690168,15,3.933333,1.944467,10,4.7,1.159502,,,
perservering,,381,24,4.125,1.034723,10,4.7,1.159502,14,3.714286,0.726273,,,
persevere,,496,31,4.322581,1.514092,20,4.8,1.472556,11,3.454545,1.21356,,,
persistent,,520,24,4.458333,1.53167,10,5,1.154701,14,4.071429,1.685426,,,
persnickety,,89,32,3.78125,1.313316,13,4.076923,1.320451,19,3.578947,1.304513,,,
piercing,adj,340,25,4.2,1.414214,13,4,1.527525,12,4.416667,1.311372,,,
pig,,698,30,5.066667,1.142693,19,4.947368,1.223551,11,5.272727,1.00905,5.07,4.2,5.34
placid,adj,292,21,3.47619,1.167007,12,3.583333,1.378954,9,3.333333,0.8660254,,,
plain,adj,397,27,3.814815,1.177907,16,4.125,1.087811,11,3.363636,1.206045,4.39,3.52,4.71
playful,,578,21,3.619048,1.499206,9,4,1.414214,12,3.333333,1.556998,,,
pleasant,,557,20,3.35,1.225819,12,3.5,1.314257,8,3.125,1.125992,,,
pleased,adj,685,26,3.423077,1.553656,13,3.307692,1.601282,13,3.538462,1.560736,,,
point,,625,21,4.333333,1.278019,11,4.636364,1.026911,10,4,1.490712,,,
poisionous,adj,472,30,4.466667,1.252125,14,4.357143,1.549548,16,4.5625,0.9639329,,,
poison,,266,24,4.875,1.190999,16,4.8125,1.276388,8,5,1.069045,1.98,6.05,3.1
potent,adj,293,26,4.884615,1.070586,14,5.071429,0.997249,12,4.666667,1.154701,,,
power,,90,33,5.272727,1.17985,14,5.357143,1.150728,19,5.210526,1.228321,6.54,6.67,7.28
prerogative,n,508,31,4.387097,1.308368,14,5,1.300887,17,3.882353,1.111438,,,
preserve,v,423,27,3.851852,1.166972,15,3.8,1.207122,12,3.916667,1.1645,,,
presitge,n,389,19,4.157895,1.462994,7,4,1.414214,12,4.25,1.544786,7.26,5.86,6.9
pretentious,,335,25,4.36,1.604161,13,4.461538,1.198289,12,4.25,2.005674,,,
prey,n,430,27,4.185185,1.494529,15,4.133333,1.45733,12,4.25,1.602555,,,
pride,n,144,30,4.666667,1.347625,14,5.214286,1.311404,16,4.1875,1.223043,7,5.83,7.06
prison,,510,31,5.612903,1.115868,14,5.642857,0.9287827,17,5.588235,1.277636,2.05,5.7,4.2
prisoner,,502,33,5.272727,1.329303,22,5.090909,1.4445,11,5.636364,1.026911,,,
problem,n,214,25,4.4,1.258306,14,4.142857,1.167321,11,4.727273,1.3484,,,
production,,312,25,4.88,1.641138,11,5,1.414214,14,4.785714,1.847184,,,
prominent,,104,20,4.25,1.332785,14,4.428571,0.9376145,6,3.833333,2.041241,,,
protect,v,673,23,5,1.314257,12,4.833333,1.114641,11,5.181818,1.537412,7.29,4.09,5.8
prudent,adj,269,24,3.625,1.46888,16,3.875,1.586401,8,3.125,1.125992,,,
prying,,358,27,3.62963,1.181529,13,3.384615,1.502135,14,3.857143,0.7703289,,,
punish,v,694,30,5.2,1.374647,19,5.210526,1.58391,11,5.181818,0.9816498,,,
puppy,,253,21,3.142857,1.195229,14,3.214286,1.311404,7,3,1,7.56,5.85,5.51
pure,adj,592,19,3.210526,1.718492,13,3.076923,1.754116,6,3.5,1.760682,,,
purple,,116,20,3.75,1.371707,9,4.111111,1.166667,11,3.454545,1.507557,,,
purport,,561,20,4,1.297771,12,3.75,1.05529,8,4.375,1.59799,,,
pushover,,109,20,4,1.376494,14,4.071429,1.268814,6,3.833333,1.722401,,,
pushy,adj,146,30,4.1,1.373392,14,4.285714,1.540658,16,3.9375,1.236595,,,
questioning,,133,28,3.821429,1.306779,16,4.1875,1.276388,12,3.333333,1.230915,,,
quitter,n,518,24,4.458333,1.102533,10,4.4,0.9660918,14,4.5,1.224745,,,
rape,,51,23,4.782609,1.536126,16,4.5625,1.631717,7,5.285714,1.253566,1.25,6.81,2.97
ravage,v,237,23,5.043478,1.260529,12,5.166667,1.029857,11,4.909091,1.513575,,,
ravishing,,154,30,2.833333,1.464131,17,3.058824,1.675955,13,2.538462,1.126601,,,
razor,,44,20,4.9,1.333772,9,4.888889,1.452966,11,4.909091,1.30035,4.81,5.36,4.91
realist,,254,21,4.47619,0.9807674,14,4.571429,0.9376145,7,4.285714,1.112697,,,
reality,,132,28,4.25,0.9670497,16,4.3125,1.138347,12,4.166667,0.7177406,,,
rebel,,15,26,5.038462,1.455494,12,5.25,1.215431,14,4.857143,1.657484,,,
reclusive,,559,20,4.5,1.277333,12,4.333333,1.370689,8,4.75,1.164965,,,
red,,377,23,4,1.381699,9,4.555556,1.236033,14,3.642857,1.392681,6.41,5.29,5.78
refuse,v,388,19,4.894737,1.486784,7,4.714286,1.603567,12,5,1.477098,,,
rehabilitate,v,682,23,4.478261,1.309739,12,4.75,1.288057,11,4.181818,1.32802,,,
reject,v,333,25,4.32,1.375984,13,4.538462,1.330124,12,4.083333,1.443376,1.5,6.37,2.72
relaxed,,72,35,3.657143,1.258918,16,3.6875,1.447699,19,3.631579,1.116071,7,2.39,5.55
relish,v,242,23,3.608696,1.469048,12,4.083333,1.240112,11,3.090909,1.578261,,,
remarkable,,54,23,3.869565,1.217462,16,3.875,1.408309,7,3.857143,0.6900656,,,
remorseful,adj,52,23,4.043478,1.14726,16,3.875,1.258306,7,4.428571,0.7867958,,,
repair,v,569,21,5,1.264911,12,5.166667,1.029857,9,4.777778,1.563472,,,
resilent,,587,19,4.315789,1.454977,13,4.384615,1.445595,6,4.166667,1.602082,,,
resolute,adj,28,28,4.535714,1.231745,17,4.705882,1.311712,11,4.272727,1.103713,,,
resort,,307,25,3.72,1.4,11,3.727273,0.904534,14,3.714286,1.728876,,,
resourceful,adj,12,26,4.423077,1.101747,12,4.75,0.8660254,14,4.142857,1.231456,,,
respect,v,224,19,4.263158,1.284182,11,4.636364,1.206045,8,3.75,1.28174,7.64,5.19,6.89
respectful,adj,130,26,4.115385,1.275207,19,4.157895,1.344254,7,4,1.154701,7.22,4.6,5.67
restless,,291,22,3.818182,1.296015,12,3.583333,1.676486,10,4.1,0.5676462,,,
retreat,,24,28,4.357143,1.339272,17,4.352941,1.497547,11,4.363636,1.120065,,,
retribution,noun,374,23,4.695652,0.9739695,9,4.888889,0.9279607,14,4.571429,1.01635,,,
revere,v,76,35,4.371429,1.308023,16,4.4375,1.209339,19,4.315789,1.41628,,,
rich,adj,41,20,4.6,1.142481,9,4.333333,1.224745,11,4.818182,1.07872,,,
ridicule,v,103,19,4.368421,1.011628,13,4.307692,1.1094,6,4.5,0.83666,3.13,5.83,3.87
river,,431,27,3.62963,1.213645,15,3.8,1.320173,12,3.416667,1.083625,6.85,4.51,5.1
room,,396,27,4.259259,1.195909,16,4.25,1.125463,11,4.272727,1.3484,,,
rotten,,211,27,4.814815,1.177907,12,4.666667,1.154701,15,4.933333,1.222799,2.26,4.53,4.32
rough,adj,252,34,5.764706,1.046171,17,6.117647,0.9926198,17,5.411765,1.00367,4.74,5.33,4.81
roughneck,,259,20,5.9,1.071153,13,5.923077,1.037749,7,5.857143,1.214986,,,
routine,n,61,26,4.384615,0.9829313,13,4.692308,0.8548504,13,4.076923,1.037749,,,
safe,adj,415,19,3.736842,1.240166,10,4,1.414214,9,3.444444,1.013794,7.07,3.86,5.81
salary,n,615,27,4.259259,1.129758,13,4.307692,1.182132,14,4.214286,1.121714,,,
sassy,adj,514,24,2.208333,1.587428,10,2.3,1.888562,14,2.142857,1.406422,,,
satisfied,,522,24,3.875,1.329024,10,4.1,1.595131,14,3.714286,1.138729,7.94,4.94,6.14
savage,adj,414,19,5.684211,1.335525,10,5.7,1.494434,9,5.666667,1.224745,,,
scandal,,638,17,3.882353,1.536325,7,3.714286,1.976047,10,4,1.247219,3.32,5.12,4.34
scared,adj,65,26,3.576923,1.137474,13,3.846154,1.214232,13,3.307692,1.031553,2.78,6.82,2.94
scream,,19,26,3.653846,1.383974,12,3.416667,1.443376,14,3.857143,1.350621,,,
scrutinizing,,629,21,4.619048,1.359272,11,4.818182,1.32802,10,4.4,1.429841,,,
sea,,43,20,3.95,1.276302,9,4.222222,1.481366,11,3.727273,1.103713,,,
secure,adj,40,22,4.272727,1.031957,11,4.545455,1.128152,11,4,0.8944272,7.57,3.14,5.93
self-assured,,349,28,4.464286,1.452511,15,4.8,1.320173,13,4.076923,1.5525,,,
self-centered,,658,20,4.5,1.235442,8,4.625,1.59799,12,4.416667,0.9962049,,,
self-imporjtant,,182,30,4.666667,1.184187,18,4.444444,0.9835244,12,5,1.414214,,,
selfish,,134,28,4.392857,1.13331,16,4.25,1.183216,12,4.583333,1.083625,2.42,5.5,4.64
selfless,,379,24,3.208333,1.444003,10,3.9,1.66333,14,2.714286,1.069045,,,
sensitive,adj,386,19,2.263158,1.097578,7,2.571429,1.133893,12,2.083333,1.083625,,,
serious,,603,24,4.333333,1.167184,10,4.6,1.264911,14,4.142857,1.09945,5.08,4,5.12
servant,,375,24,3.791667,1.284664,10,3.8,1.398412,14,3.785714,1.251373,,,
severe,adj,81,33,4.818182,1.33357,14,4.285714,1.437336,19,5.210526,1.134262,3.2,5.26,3.83
shaky,,432,27,4,1.593255,15,4.2,1.740279,12,3.75,1.422226,,,
shame,v,111,20,3.95,0.6048053,9,3.888889,0.9279607,11,4,0,2.5,4.88,2.98
shameful,adj,458,26,4.153846,1.31734,16,4.375,1.454877,10,3.8,1.032796,,,
shaver,,27,27,5.074074,1.412198,16,5.1875,1.376893,11,4.909091,1.513575,,,
shield,v,343,28,4.678571,1.389206,15,4.933333,1.162919,13,4.384615,1.609268,,,
shop,,108,20,3.5,1.100239,14,3.714286,1.138729,6,3,0.8944272,,,
short,,243,34,3.941176,1.412953,17,3.941176,1.675955,17,3.941176,1.144038,,,
showboat,,74,35,4.8,1.278786,16,5,1.095445,19,4.631579,1.42246,,,
shrewd,,351,28,4.321429,1.306779,15,4.4,1.242118,13,4.230769,1.42325,,,
shriek,,123,26,3.307692,1.667794,19,3.263158,1.790162,7,3.428571,1.397276,,,
shrill,adj,516,24,3.541667,1.473805,10,3.8,1.398412,14,3.357143,1.549548,3.93,5.36,4.3
shy,adj,626,21,3.095238,1.338087,11,3.181818,1.721522,10,3,0.8164966,4.64,3.77,3.44
signal,,466,30,4.466667,0.8995529,14,4.785714,1.050902,16,4.1875,0.6551081,,,
significant,,324,17,4.235294,0.8313702,5,4.2,0.83666,12,4.25,0.8660254,,,
silly,adj,613,27,3.592593,1.248361,13,3.923077,1.38212,14,3.285714,1.069045,7.41,5.88,6
sincere,,321,25,2.96,1.019804,12,3.083333,0.9962049,13,2.846154,1.068188,,,
sinful,adj,31,21,4.571429,1.398979,10,3.9,1.286684,11,5.181818,1.250454,2.93,6.29,4.24
slaughter,,412,21,5.095238,1.135991,13,5.230769,1.165751,8,4.875,1.125992,1.64,6.77,3.82
sloppy,adj,169,23,4.869565,0.7570486,13,4.923077,0.6405126,10,4.8,0.9189366,,,
smart,adj,692,26,3.846154,1.286618,13,3.615385,1.609268,13,4.076923,0.8623165,,,
smug,,568,21,4.619048,1.499206,12,4,1.537412,9,5.444444,1.013794,,,
soft,adj,393,27,2.851852,1.703022,16,2.8125,1.721191,11,2.909091,1.758098,7.12,4.63,6
solitary,,85,33,5,1,14,5,1.037749,19,5,1,,,
soothe,v,80,35,2.971429,1.504615,16,3.25,1.290994,19,2.736842,1.661395,,,
sophisticated,,193,26,3.576923,1.447013,9,4.333333,0.7071068,17,3.176471,1.590412,,,
sorry,adj,305,25,3.52,1.475353,11,3.272727,1.420627,14,3.714286,1.540658,,,
sound,,411,21,3.666667,1.154701,13,3.692308,0.9473309,8,3.625,1.505941,,,
special,,447,20,3.05,1.145931,4,2.75,1.5,16,3.125,1.087811,,,
spirit,,483,21,4.095238,1.374946,13,4.461538,1.330124,8,3.5,1.309307,7,5.56,5.82
spoon,,405,21,3.809524,0.9807674,13,3.615385,1.043908,8,4.125,0.834523,,,
spunky,adj,139,28,3.285714,1.560084,16,3.5,1.788854,12,3,1.206045,,,
spurn,v,563,21,4,1.30384,12,3.583333,1.1645,9,4.555556,1.333333,,,
star,,202,27,3.518519,1.528458,12,3.833333,1.696699,15,3.266667,1.387015,7.27,5.83,4.68
statistic,,418,19,4.105263,1.32894,10,4.3,1.567021,9,3.888889,1.054093,,,
statue,n,498,33,4.69697,1.380327,22,4.409091,1.469016,11,5.272727,1.00905,5.17,3.46,4.95
statuette,n,249,34,3.205882,1.451841,17,3.176471,1.667157,17,3.235294,1.25147,,,
stomach,,200,26,4.423077,0.6433088,9,4.333333,0.5,17,4.470588,0.7174301,4.82,3.93,4.68
store,,533,26,3.923077,1.197433,16,4.0625,1.181454,10,3.7,1.251666,,,
stout,,612,24,4.916667,1.212854,10,4.9,1.449138,14,4.928571,1.071612,,,
strain,,482,25,4.4,1.190238,13,4.538462,1.391365,12,4.25,0.9653073,,,
strange,,150,30,4.2,0.8866831,14,4.428571,0.9376145,16,4,0.8164966,,,
stream,,148,30,3.866667,1.074255,14,4.142857,1.231456,16,3.625,0.8850612,,,
strength,,700,30,5.1,1.241523,19,5.263158,1.240166,11,4.818182,1.250454,,,
stress,n,469,30,4.266667,1.284747,14,4.857143,1.027105,16,3.75,1.290994,2.09,7.45,3.93
strict,adj,542,26,4.884615,1.505375,16,4.6875,1.662077,10,5.2,1.229273,,,
strong,adj,372,21,5.095238,1.261141,16,5.25,1.290994,5,4.6,1.140175,7.11,5.92,6.92
stupid,,539,26,4.769231,1.069867,16,4.75,0.8563488,10,4.8,1.398412,2.31,4.72,2.98
style,n,444,20,2.65,1.225819,4,2.25,0.9574271,16,2.75,1.290994,,,
stymie,,642,17,3.941176,0.8993462,7,4,1,10,3.9,0.875595,,,
sublime,,201,26,3.923077,1.092633,9,4.111111,0.3333333,17,3.823529,1.333946,,,
subscriber,,620,26,4.076923,1.092633,13,4.153846,1.143544,13,4,1.080123,,,
success,,506,31,4.354839,1.379575,14,4.285714,1.589803,17,4.411765,1.227743,,,
suffer,v,378,24,3.75,0.9890707,10,3.5,1.269296,14,3.928571,0.7300459,,,
suffering,n,634,17,4.117647,1.653872,7,4.142857,1.573592,10,4.1,1.791957,,,
suggest,,3,15,4.466667,0.9154754,9,4.555556,0.8819171,6,4.333333,1.032796,,,
suitable,,233,23,4,1.206045,12,4.083333,1.083625,11,3.909091,1.375103,,,
suite,,622,27,4.222222,1.250641,13,4.461538,1.391365,14,4,1.1094,,,
sulky,,574,21,4.52381,1.470342,9,4.444444,1.130388,12,4.583333,1.729862,,,
supporter ,n,220,25,3.76,1.535144,14,3.714286,1.138729,11,3.818182,1.990888,,,
supremacy,n,222,25,5.28,1.061446,14,5.071429,1.071612,11,5.545455,1.035725,,,
surrender,verb,125,26,4.346154,1.468123,19,4.368421,1.498537,7,4.285714,1.496026,,,
swagger,,416,19,5.421053,1.464991,10,4.9,1.449138,9,6,1.322876,,,
tease,,,30,3.233333,1.430778,19,3.210526,1.718492,11,3.272727,0.7862454,4.84,5.87,4.67
tempermental,,172,16,3.875,1.707825,10,3.8,1.932184,6,4,1.414214,,,
tenacious,adj,300,26,4.384615,1.416388,14,4.785714,1.251373,12,3.916667,1.505042,,,
terrible,adj,621,27,4.851852,0.9885383,13,4.769231,1.165751,14,4.928571,0.8287419,1.93,6.27,3.58
terrific,adj,678,23,4.043478,1.397344,12,3.833333,1.267304,11,4.272727,1.55505,8.16,6.23,6.6
terrified,adj,63,26,3.730769,1.282426,13,3.923077,1.441153,13,3.538462,1.126601,1.72,7.86,3.08
terror,,480,25,5.08,1.255654,13,4.615385,1.325296,12,5.583333,0.9962049,,,
terrorist,,286,22,5.772727,1.411916,12,5.75,1.76455,10,5.8,0.9189366,1.69,7.27,2.65
terse,,437,44,4.568182,1.283124,25,4.56,1.356466,19,4.578947,1.21636,,,
thankful,adj,663,25,3.36,0.9521905,9,3.666667,1.118034,16,3.1875,0.8341663,,,
thankless,,546,25,4.52,1.446836,15,4.666667,1.632993,10,4.3,1.159502,,,
thought,n,644,32,4.21875,1.263236,20,4.55,1.431782,12,3.666667,0.6513389,6.39,4.83,6.02
thoughtful,,34,22,2.909091,1.150945,11,2.909091,1.30035,11,2.909091,1.044466,7.65,5.72,5.61
thug,,197,26,5.923077,1.016782,9,5.444444,0.8819171,17,6.176471,1.014599,,,
tolerant,adj,684,25,3.72,1.486607,13,4,1.732051,12,3.416667,1.1645,,,
torment,n,434,44,5,1.275895,25,4.96,1.428286,19,5.052632,1.078769,,,
torture,n,260,21,4.857143,1.49284,14,4.785714,1.476929,7,5,1.632993,1.56,6.1,3.33
tough,,140,28,5.25,1.377733,16,5.0625,1.611159,12,5.5,1,,,
toxic,adj,674,23,4.956522,1.186219,12,5.25,0.8660254,11,4.636364,1.433369,2.1,6.4,4.42
toxin,,641,17,4.941176,0.9663455,7,4.857143,1.069045,10,5,0.942809,,,
trade,,366,21,4.47619,1.209093,16,4.4375,1.314978,5,4.6,0.8944272,,,
tragedy,n,347,28,4,0.9813068,15,4.266667,0.7988086,13,3.692308,1.1094,1.78,6.24,3.5
tranquility,n,166,23,3.086957,1.23998,13,3,1.290994,10,3.2,1.229273,,,
trauma,n,512,31,4.580645,1.258946,14,4.5,1.400549,17,4.647059,1.169464,2.1,6.33,2.84
triump,,428,27,4.703704,1.4888,15,4.866667,1.505545,12,4.5,1.507557,7.8,5.78,6.98
trouble,n,521,24,4.75,1.359348,10,4.9,1.449138,14,4.642857,1.336306,3.03,6.85,4.85
trust,n,226,20,4.05,1.099043,12,4.416667,1.1645,8,3.5,0.7559289,6.68,5.3,6.61
truth,,404,20,4,0.7947194,13,4,0.9128709,7,4,0.5773503,7.8,5,6.47
turmoil,,57,23,4.869565,1.099766,16,4.9375,1.12361,7,4.714286,1.112697,,,
twikle,,596,32,2.84375,1.39375,14,3.285714,1.637473,18,2.5,1.098127,,,
two-fisted,adj,661,20,5.7,1.128576,8,5.875,1.125992,12,5.583333,1.1645,,,
unchanging,,456,26,4.307692,1.086986,16,4.375,1.147461,10,4.2,1.032796,,,
uncivilized,,429,27,4.62963,1.181529,15,4.6,1.242118,12,4.666667,1.154701,,,
uncommitted,,257,21,4.333333,1.316561,14,4.214286,1.188313,7,4.571429,1.618347,,,
uncomplicated,,287,22,4.045455,1.326552,12,4,1.651446,10,4.1,0.875595,,,
unconventional,,504,31,4.225806,1.175009,14,4.571429,1.2225,17,3.941176,1.088037,,,
uneasiness,n,256,21,3.809524,1.209093,14,4,1.1094,7,3.428571,1.397276,,,
unfaithful,adj,471,30,4.566667,1.546594,14,4.142857,1.231456,16,4.9375,1.730848,2.05,6.2,3.02
unfamiliar,adj,316,25,3.76,0.7788881,12,3.583333,0.7929615,13,3.923077,0.7595545,,,
unfeigned,,232,20,3.95,1.234376,12,4.416667,1.083625,8,3.25,1.164965,,,
unfit,,189,30,4.433333,1.222866,18,4.222222,1.262843,12,4.75,1.13818,,,
unflattering,,457,26,4.192308,1.386196,16,4,1.414214,10,4.5,1.354006,,,
unkempt,adj,25,27,4.333333,1.54422,16,4.375,1.454877,11,4.272727,1.737292,,,
untroubled,adj,113,20,4.3,1.260743,9,4.555556,1.130388,11,4.090909,1.375103,7.62,3.89,5.53
upscale,adj,322,25,3.68,0.9882645,12,3.833333,1.029857,13,3.538462,0.9674179,,,
venom,,583,19,4.684211,1.733738,13,4.384615,1.894662,6,5.333333,1.21106,2.68,6.08,3.94
verbose,,331,17,4.058824,1.144038,5,3.4,0.8944272,12,4.333333,1.154701,,,
victim,n,524,37,3.486486,1.260988,20,3.25,1.332785,17,3.764706,1.147247,2.18,6.06,2.69
victory,,647,32,4.78125,1.156591,20,4.95,1.276302,12,4.5,0.904534,8.32,6.63,7.26
vigorous,,23,27,5.111111,1.310705,16,5.125,1.586401,11,5.090909,0.8312094,6.79,5.9,5.41
violation,,556,20,4.65,1.308877,12,4.416667,1.378954,8,5,1.195229,,,
violent,adj,624,21,5.809524,1.030488,11,5.727273,1.190874,10,5.9,0.875595,2.29,6.89,5.16
virgin,,9,15,2.733333,1.222799,9,2.888889,1.166667,6,2.5,1.378405,6.45,5.51,6.24
virtuous,adj,20,26,3.384615,1.358732,12,3.583333,1.083625,14,3.214286,1.57766,,,
virus,,547,25,4.92,1.6052,15,5.2,1.859339,10,4.5,1.080123,,,
vision,n,258,21,3.857143,1.195229,14,3.785714,1.251373,7,4,1.154701,6.62,4.66,6.02
vivid,adj,325,17,3.529412,1.178858,5,4.4,1.140175,12,3.166667,1.029857,,,
volunteer,,151,30,3.166667,0.9128709,17,2.941176,0.8993462,13,3.461538,0.877058,,,
wail,,490,21,3.666667,1.622755,13,4.230769,1.535895,8,2.75,1.38873,,,
weak,adj,398,27,3.62963,1.334401,16,3.625,1.543805,11,3.636364,1.026911,,,
wealthy,adj,352,28,4.785714,1.1661,15,4.733333,1.162919,13,4.846154,1.214232,7.7,5.8,6.77
week,,223,20,4.15,0.875094,12,4.083333,0.9003366,8,4.25,0.8864053,,,
whine,v,548,25,3.52,1.50333,15,3.6,1.804756,10,3.4,0.9660918,,,
whistle,,433,44,4.5,1.355437,25,4.36,1.604161,19,4.684211,0.9459053,5.81,4.69,5.27
white,,451,20,3.5,1.100239,4,3,1.414214,16,3.625,1.024695,6.47,4.37,5.98
wimp,n,363,20,4.5,1.317893,15,4.266667,1.279881,5,5.2,1.30384,,,
wise,adj,460,26,4.230769,1.305609,16,4.625,1.147461,10,3.6,1.349897,7.52,3.91,6.7
wish,v,371,21,4.047619,1.43095,16,4.0625,1.526161,5,4,1.224745,7.09,5.16,5.28
woman,n,39,22,1.363636,0.9021379,11,1.636364,1.206045,11,1.090909,0.3015113,6.64,5.32,6.33
word,,572,20,4.1,0.8522416,11,4.272727,0.904534,9,3.888889,0.781736,,,
work,,399,27,4.62963,1.36292,16,4.8125,1.376893,11,4.363636,1.361817,,,
working,,82,33,4.818182,0.9828067,14,5.357143,0.8418974,19,4.421053,0.9015905,,,
year,,494,33,4.121212,0.8929437,22,4.272727,1.031957,11,3.818182,0.4045199,,,
yellow,,356,27,3.185185,1.039121,13,3.230769,1.300887,14,3.142857,0.7703289,5.61,4.43,5.47
yelp,,119,20,4.1,1.071153,9,4.111111,1.054093,11,4.090909,1.136182,,,
young,adj,83,33,3.515152,1.277723,14,3.5,1.286019,19,3.526316,1.306753,6.89,5.64,5.3
youthful,,577,21,3.809524,1.289149,9,3.888889,1.364225,12,3.75,1.288057,6.75,5.67,5.11
brevity,,159,,,,,,,,,,,,
daring,adj,94,26,4.5,1.140175,17,4.411765,1.227743,9,4.666667,1,,,
dirty,,98,26,4.692308,1.049542,17,4.764706,0.9701425,9,4.555556,1.236033,3.08,4.88,4.7
growing,,99,26,3.692308,1.568929,17,3.705882,1.57181,9,3.666667,1.658312,,,
innocent,adj,93,26,4.038462,0.870897,17,4.294118,0.8488747,9,3.555556,0.7264832,6.51,4.21,5.28
intuitive,adj,96,26,4.115385,1.142871,17,4.352941,1.221739,9,3.666667,0.8660254,,,
powerful,,91,26,5.153846,1.405484,17,5.058824,1.43486,9,5.333333,1.414214,6.84,5.83,7.19
teacher,n,100,26,5.384615,1.235376,17,5.470588,1.007326,9,5.222222,1.641476,5.68,4.05,5.11
wink,,92,26,4.538462,0.9478721,17,4.647059,1.057188,9,4.333333,0.7071068,6.93,5.44,5.7